00000000000000000000000000
00000000000000000000000000
10101110000000000011001110
01001000000000000000000001
11101100010000000000000000
11000110000000000000001100
01100000000000000000000000
00011000110000000000000000
01111000010000000000000000
11101000010000000000000000
11001110000000000000000100
10111000000000000000000000
01001100000000000000000000
10111000000000000000000000
01001000110000000000000000
00100100000000000000001111
00000000000000000000000000
01001001000000000000000010
00000000000000000000000000
01001010001000000000000011
10011000000000000000000000
10011000000000000000000001
10011000000000000000000010
10011000000000000000000011
01110000100000000000000000
01110001100000000000000000
00011001110000000000000000
11101100000000000011111110
11001110000000000000100000
01110000110000000000000000
01001000100000000000000100
10101110000000000000010010
00000000000000000000000000
10010000000000000000000010
11101100000000000011111111
11001110000000000000010010
01111000100000000000000000
10111000000000000000000000
00000000000000000000000000
01001100100000000000000000
01001100110000000000000000
01001101100000000000100111
01001101110000000000011110
01001100000000000000000000
00000000000000000000000000
10011000000000000000000001
01001001000000000000000010
01001001010000000000000011
00000000000000000000000000
10011000000000000000000000
10011000000000000000000010
10011000000000000000000011
10010000000000000000000010
01110000100000000000000000
11101000100000000000000110
11001110000000000000110000
01001000100000000000000100
01110000110000000000000000
11101000110000000000000111
11001110000000000000110000
10111000000000000000000000
00000000000000000000000000
11101100100000000000100111
11001110000000000001000010
01001100100000000000000000
01110000110000000000000000
00000000000000000000000000
01001100000000000001011111
10011000000000000000000000
10011000000000000000000010
10011000000000000000000011
10010000000000000000000010
10010000000000000000000001
00000000000000000000000000
01010000000000000000000000
01010110001000000000000010
10011000000000000000000000
10011000000000000000000001
10011000000000000000000010
10011000000000000000000011
10010000000000000000000010
01110000100000000000000000
01110001000000000000000000
00011001010000000000000000
11101100000000000000001000
11000110000000000001011110
11101100000000000000001101
11001110000000000000111101
01001100000000000011111111
10011000000000000000000000
10010000000000000000000010
01111001000000000000000000
01001110001000000000000010
10111000000000000000000000
00000000000000000000000000
01001100000000000000000000
01111000100000000000000000
10011000000000000000000010
10011000000000000000000000
10010000000000000000000010
01111000100000000000000000
01101101000000000000000010
11101100100000000011111111
11001110000000000000111101
01111000110000000000000000
01001100100000000000100110
10101110000000000000111101
00000000000000000000000000
10011000000000000000000001
01001001000000000000000010
01001001010000000000000011
01001100000000000011011010
10011000000000000000000000
10011000000000000000000010
10011000000000000000000011
10010000000000000000000010
01001100000000000010111111
01001000100000000000000110
10011000000000000000000000
10011000000000000000000010
10010000000000000000000010
01001100000000000011011001
01001000110000000000000111
10011000000000000000000000
10011000000000000000000011
10010000000000000000000010
01001100000000000011000000
01001000100000000000000100
10011000000000000000000000
10011000000000000000000010
10010000000000000000000010
01001000100000000000000100
01001000110000000000000101
01001100000000000011000100
10011000000000000000000000
01110000100000000000000000
00000000000000000000000000
10011000000000000000000010
01001000110000000000000101
10011000000000000000000010
10011000000000000000000011
10010000000000000000000010
01001000110000000000000111
10011000000000000000000010
10011000000000000000000011
10010000000000000000000010
01110000100000000000000000
11101000100000000000000110
11001110000000000010001000
01001100000000000010110011
10011000000000000000000000
01111000110000000000000000
00000000000000000000000000
10011000000000000000000011
01001000100000000000000110
10011000000000000000000010
10011000000000000000000011
10010000000000000000000010
01001000100000000000000100
10011000000000000000000010
10011000000000000000000011
10010000000000000000000010
01111000110000000000000000
11101000110000000000000101
11001110000000000010011000
01110000100000000000000000
01110000110000000000000000
01001100000000000000000000
10101110000000000000101100
10111000000000000000000000
00000000000000000000000000
01001101000000000000000000
01001101010000000000000000
01001101100000000101001100
01001101110000000000000001
01001100100000000000000001
01001010111000000000000010
11101100110000000011111111
11000110000000000011001011
01111000100000000000000000
00000000000000000000000000
01001010001000000000000010
01001010011000000000000011
11101100000000000011111110
11001110000000000010111100
01110000100000000000000000
11101100010000000011111111
11000110000000000011001011
00000000000000000000000000
11101100000000000011111111
11000110000000000011001011
01110001000000000000000000
00011001010000000000000000
11101000000000000000000001
11000110000000000011000110
01001101100000000101001100
01001101110000000000000001
10101110000000000010110100
00000000000000000000000000
01110001100000000000000000
00011001110000000000000000
01001010011000000000000011
10101110000000000010110100
01001000010000000000000010
01001110010000000100000110
10111000000000000000000000
00000000000000000000000000
00000000000000000000000000
00000000000000000000000000
00000000000000000000000000
00000000000000000000000000
10110110000000000000100110
01001100100000000000000110
01001100110000000000000000
01001101100000000000100000
01001101110000000000001010
01001100010000000000001100
10110110000000000001101011
01001100100000000000000110
01001100110000000000001011
01001101100000000000100000
01001101110000000000010000
01001100010000000010101010
10110110000000000001101011
01001100010000000011111111
01001100100000000000001001
01001100110000000000000111
01001101100000000001100100
01001101110000000000000000
10110110000000000000010000
01001100010000000011101110
01001100100000000000001100
01001100110000000000001000
01001101100000000001111010
01001101110000000000000000
10110110000000000000010000
01001100010000000000111101
01001100100000000000001010
01001100110000000000001100
01001101100000000010001000
01001101110000000000000000
10110110000000000000010000
01001100010000000010110101
01001100100000000000001000
01001100110000000000001101
01001101100000000010011011
01001101110000000000000000
10110110000000000000010000
01001100010000000000111111
01001100100000000000001000
01001100110000000000010010
01001101100000000010111110
01001101110000000000000000
10110110000000000000010000
00000000000000000000000000
00000000000000000000000000
01001100100000000000001101
01001100110000000000000010
01001101100000000000110100
01001101110000000000000000
10110110000000000000010000
01010000000000000000000000
01110000010000000000000000
00101100010000000011001100
11101100000000000000100000
11001110000000000011111110
10010000000000000000000001
10010000000000000000000001
10010000000000000000000001
00000000000000000000000000
01001100010000000011110011
01001100100000000000000000
01001100110000000000000000
01001101100000000000100111
01001101110000000000011110
01001100000000000010110000
10110110000000000000101100
01001100100000000000001001
01001100110000000000001011
01001101100000000000011110
01001101110000000000010010
01001100010000000011110000
10110110000000000001101011
01001100010000000011111111
01001100100000000000001100
01001100110000000000001110
01001101100000000011010110
01001101110000000000000000
10110110000000000000010000
01001100100000000000001100
01001100110000000000010000
01001100010000000011100011
01001101000000000100001111
01001101010000000000000001
10110110000000000000111101
00000000000000000000000000
00000000000000000000000000
10110110000000000000100110
01001100010000000000111111
01001100100000000000000000
01001100110000000000000000
01001101100000000100000111
01001101110000000000000001
10110110000000000000010000
01001100010000000011011111
01001100100000000000000000
01001100110000000000000001
01001101100000000101000001
01001101110000000000000001
10110110000000000000010000
01001100010000000011111111
01001101000000000101001100
01001101010000000000000001
10110110000000000000111101
00000000000000000000000000
00000000000000000000000000
00000000000000000000000000
10110110000000000010101010
01001100000000000100000110
01001100010000000000000001
01001010101000000000000000
11101100100000000000000001
11000110000000000101100010
11101100100000000000000010
11000110000000000011001110
11101100100000000000000011
11000110000000000100001101
11101100100000000000000110
11000110000000000101110010
10101110000000000101001011
10101110000000000100101000
01001100010000000011000000
01001100100000000000000000
01001100110000000000000000
01001101100000000000100111
01001101110000000000011110
01001100000000000010110000
10110110000000000000101100
01001100100000000000001001
01001100110000000000001011
01001101100000000000011110
01001101110000000000010010
01001100010000000011000001
10110110000000000001101011
01001100010000000011111111
01001100100000000000001100
01001100110000000000001110
01001101100000000011100110
01001101110000000000000000
10110110000000000000010000
10010000000000000000000001
10010000000000000000000001
10010000000000000000000001
10101110000000000100101000
01001100100000000000001000
01001100110000000000000011
01001101100000000000100101
01001101110000000000011001
01000000010000000000000000
10110110000000000001101011
01000000010000000000000000
01001100100000000000001010
01001100110000000000000101
01001101100000000000000000
01001101110000000000000000
10110110000000000000010000
10010000000000000000000001
10010000000000000000000001
10010000000000000000000001
10101110000000000100101000
01110000100000000000000000
01110000110000000000000000
01001101100000000000000011
01001101110000000000000011
00100100100000000000011111
00100100110000000000011111
01000000010000000000000000
10110110000000000001101011
01010000000000000000000000
11101100000000000000100000
11001110000000000101110010
10101110000000000100101000
